# Cross-Asset GEX Regime Correlation Analysis

## Executive Summary

**Research Questions:**

1. Do bond GEX regimes correlate with equity GEX regimes?
2. Does commodity GEX provide diversification signal?
3. Can cross-asset regime divergence predict rotations?

## Regime Distribution by Asset Class

| Asset Class | Symbols | Days | Positive GEX | Negative GEX | Neutral | Persistence |
|-------------|---------|------|--------------|--------------|---------|-------------|
| equity | SPY, QQQ, IWM | 1326 | 81.9% | 18.1% | 0% | 8.1 days |
| volatility | UVXY, VXX | 850 | 32.8% | 67.1% | 0.1% | 5.1 days |
| bond | TLT, IEF, LQD | 207 | 85.2% | 14.8% | 0% | 7.6 days |
| commodity | GLD, SLV | 217 | 53.8% | 46.2% | 0% | 5.7 days |

## Regime Correlation Matrix

Correlation of GEX regime states across symbols:

| | AAPL | DIA | DUST | FAS | FAZ | GLD | IEF | IWM | IYR | LABD | LABU | LQD | MSFT | NUGT | QQQ | SLV | SOXL | SOXS | SPXL | SPXS | SPXU | SPY | SQQQ | TECL | TECS | TLT | TNA | TQQQ | TSLA | TZA | UPRO | UVXY | VTI | VXX |
|---|---|---|---|---|---|---|---|---|---|---|---|---|---|---|---|---|---|---|---|---|---|---|---|---|---|---|---|---|---|---|---|---|---|---|
| AAPL | 1.00 | 0.61 | 0.07 | 0.27 | -0.31 | 0.05 | 0.02 | 0.60 | 0.30 | -0.15 | 0.47 | 0.14 | 0.61 | 0.13 | 0.61 | 0.10 | 0.40 | -0.26 | 0.23 | -0.20 | -0.25 | nan | -0.04 | 0.35 | -0.06 | 0.03 | 0.23 | 0.63 | 0.20 | -0.22 | 0.50 | -0.20 | 0.44 | -0.26 |
| DIA | 0.61 | 1.00 | -0.01 | 0.45 | -0.46 | 0.10 | -0.11 | 0.84 | 0.45 | -0.23 | 0.35 | 0.31 | 0.68 | 0.15 | 0.70 | 0.24 | 0.41 | -0.34 | 0.51 | -0.38 | -0.34 | nan | -0.16 | 0.47 | -0.06 | -0.09 | 0.45 | 0.69 | 0.17 | -0.33 | 0.48 | -0.39 | 0.61 | -0.46 |
| DUST | 0.07 | -0.01 | 1.00 | -0.04 | 0.06 | -0.25 | -0.18 | 0.04 | -0.09 | 0.02 | -0.13 | -0.06 | 0.05 | -0.32 | 0.04 | -0.24 | -0.07 | -0.04 | -0.03 | 0.22 | -0.08 | nan | 0.07 | -0.08 | 0.23 | -0.25 | -0.09 | 0.02 | 0.01 | -0.08 | -0.32 | -0.05 | -0.07 | 0.06 |
| FAS | 0.27 | 0.45 | -0.04 | 1.00 | -0.36 | 0.01 | -0.17 | 0.45 | 0.45 | -0.17 | 0.15 | 0.29 | 0.38 | 0.06 | 0.36 | 0.20 | 0.23 | -0.26 | 0.62 | -0.47 | -0.19 | nan | -0.05 | 0.28 | -0.04 | -0.17 | 0.72 | 0.27 | 0.12 | -0.45 | 0.45 | -0.31 | 0.29 | -0.40 |
| FAZ | -0.31 | -0.46 | 0.06 | -0.36 | 1.00 | 0.08 | -0.01 | -0.35 | -0.46 | 0.12 | -0.13 | -0.08 | -0.32 | -0.12 | -0.24 | -0.20 | -0.17 | 0.17 | -0.66 | 0.45 | 0.30 | nan | -0.00 | -0.21 | 0.07 | 0.03 | -0.64 | -0.27 | -0.12 | 0.31 | -0.40 | 0.23 | -0.35 | 0.46 |
| GLD | 0.05 | 0.10 | -0.25 | 0.01 | 0.08 | 1.00 | 0.16 | 0.12 | -0.02 | 0.17 | 0.09 | 0.32 | 0.13 | 0.40 | 0.23 | 0.40 | 0.02 | 0.14 | -0.03 | 0.17 | 0.04 | nan | -0.05 | -0.11 | -0.08 | 0.25 | 0.03 | 0.18 | 0.01 | -0.05 | 0.24 | 0.19 | 0.02 | 0.25 |
| IEF | 0.02 | -0.11 | -0.18 | -0.17 | -0.01 | 0.16 | 1.00 | -0.08 | -0.05 | 0.03 | -0.08 | -0.01 | -0.02 | 0.09 | -0.04 | 0.11 | -0.01 | -0.06 | -0.05 | -0.04 | -0.04 | nan | -0.16 | 0.01 | -0.08 | 0.32 | -0.21 | -0.03 | -0.09 | 0.22 | 0.14 | 0.10 | -0.02 | 0.07 |
| IWM | 0.60 | 0.84 | 0.04 | 0.45 | -0.35 | 0.12 | -0.08 | 1.00 | 0.39 | -0.21 | 0.30 | 0.35 | 0.63 | 0.10 | 0.55 | 0.28 | 0.39 | -0.26 | 0.46 | -0.35 | -0.33 | 0.64 | -0.21 | 0.40 | 0.00 | -0.11 | 0.40 | 0.46 | 0.18 | -0.45 | 0.47 | -0.28 | 0.52 | -0.41 |
| IYR | 0.30 | 0.45 | -0.09 | 0.45 | -0.46 | -0.02 | -0.05 | 0.39 | 1.00 | -0.25 | 0.19 | 0.21 | 0.24 | 0.02 | 0.34 | 0.40 | 0.52 | -0.17 | 0.49 | -0.44 | -0.17 | nan | -0.07 | 0.56 | -0.03 | -0.18 | 0.44 | 0.39 | 0.18 | -0.44 | 0.64 | -0.45 | 0.46 | -0.49 |
| LABD | -0.15 | -0.23 | 0.02 | -0.17 | 0.12 | 0.17 | 0.03 | -0.21 | -0.25 | 1.00 | -0.38 | -0.04 | -0.11 | -0.00 | -0.18 | 0.07 | -0.15 | 0.22 | -0.40 | 0.66 | 0.22 | nan | 0.32 | -0.26 | 0.10 | 0.02 | -0.44 | -0.27 | -0.10 | 0.06 | -0.33 | 0.40 | -0.24 | 0.45 |
| LABU | 0.47 | 0.35 | -0.13 | 0.15 | -0.13 | 0.09 | -0.08 | 0.30 | 0.19 | -0.38 | 1.00 | 0.21 | 0.38 | 0.14 | 0.34 | -0.07 | 0.25 | -0.22 | 0.14 | -0.35 | -0.13 | nan | -0.19 | 0.17 | -0.07 | 0.02 | 0.40 | 0.46 | 0.18 | -0.34 | 0.38 | -0.12 | 0.19 | -0.15 |
| LQD | 0.14 | 0.31 | -0.06 | 0.29 | -0.08 | 0.32 | -0.01 | 0.35 | 0.21 | -0.04 | 0.21 | 1.00 | 0.28 | 0.11 | 0.37 | 0.26 | 0.23 | -0.01 | 0.29 | -0.18 | -0.19 | nan | -0.09 | 0.12 | -0.02 | 0.07 | 0.33 | 0.31 | 0.10 | -0.30 | 0.36 | -0.05 | 0.26 | -0.02 |
| MSFT | 0.61 | 0.68 | 0.05 | 0.38 | -0.32 | 0.13 | -0.02 | 0.63 | 0.24 | -0.11 | 0.38 | 0.28 | 1.00 | 0.15 | 0.79 | 0.16 | 0.36 | -0.25 | 0.34 | -0.21 | -0.30 | nan | -0.12 | 0.38 | -0.07 | -0.04 | 0.39 | 0.71 | 0.10 | -0.23 | 0.51 | -0.19 | 0.55 | -0.21 |
| NUGT | 0.13 | 0.15 | -0.32 | 0.06 | -0.12 | 0.40 | 0.09 | 0.10 | 0.02 | -0.00 | 0.14 | 0.11 | 0.15 | 1.00 | 0.13 | 0.23 | -0.06 | 0.00 | 0.02 | 0.09 | -0.05 | nan | 0.04 | 0.04 | -0.09 | 0.14 | -0.03 | 0.10 | 0.11 | -0.02 | 0.21 | 0.18 | 0.03 | 0.03 |
| QQQ | 0.61 | 0.70 | 0.04 | 0.36 | -0.24 | 0.23 | -0.04 | 0.55 | 0.34 | -0.18 | 0.34 | 0.37 | 0.79 | 0.13 | 1.00 | 0.22 | 0.48 | -0.24 | 0.50 | -0.29 | -0.26 | 0.70 | -0.25 | 0.44 | -0.02 | -0.07 | 0.39 | 0.56 | 0.21 | -0.33 | 0.57 | -0.23 | 0.55 | -0.28 |
| SLV | 0.10 | 0.24 | -0.24 | 0.20 | -0.20 | 0.40 | 0.11 | 0.28 | 0.40 | 0.07 | -0.07 | 0.26 | 0.16 | 0.23 | 0.22 | 1.00 | 0.25 | 0.09 | 0.21 | -0.20 | 0.07 | nan | -0.03 | 0.37 | -0.02 | 0.06 | 0.28 | 0.21 | -0.01 | -0.40 | 0.42 | -0.15 | 0.30 | -0.10 |
| SOXL | 0.40 | 0.41 | -0.07 | 0.23 | -0.17 | 0.02 | -0.01 | 0.39 | 0.52 | -0.15 | 0.25 | 0.23 | 0.36 | -0.06 | 0.48 | 0.25 | 1.00 | -0.23 | 0.43 | -0.32 | -0.27 | 0.42 | -0.13 | 0.62 | -0.04 | -0.15 | 0.35 | 0.62 | 0.18 | -0.46 | 0.67 | -0.14 | 0.48 | -0.35 |
| SOXS | -0.26 | -0.34 | -0.04 | -0.26 | 0.17 | 0.14 | -0.06 | -0.26 | -0.17 | 0.22 | -0.22 | -0.01 | -0.25 | 0.00 | -0.24 | 0.09 | -0.23 | 1.00 | -0.49 | 0.38 | 0.29 | -0.27 | 0.30 | -0.17 | 0.04 | -0.07 | -0.47 | -0.25 | -0.19 | 0.06 | -0.06 | 0.17 | -0.18 | 0.33 |
| SPXL | 0.23 | 0.51 | -0.03 | 0.62 | -0.66 | -0.03 | -0.05 | 0.46 | 0.49 | -0.40 | 0.14 | 0.29 | 0.34 | 0.02 | 0.50 | 0.21 | 0.43 | -0.49 | 1.00 | -0.58 | -0.20 | nan | -0.33 | 0.38 | -0.26 | -0.01 | 0.60 | 0.43 | 0.20 | -0.25 | 0.45 | -0.43 | 0.50 | -0.51 |
| SPXS | -0.20 | -0.38 | 0.22 | -0.47 | 0.45 | 0.17 | -0.04 | -0.35 | -0.44 | 0.66 | -0.35 | -0.18 | -0.21 | 0.09 | -0.29 | -0.20 | -0.32 | 0.38 | -0.58 | 1.00 | 0.02 | nan | 0.60 | -0.39 | 0.47 | 0.18 | -0.58 | -0.30 | -0.15 | 0.34 | -0.43 | 0.66 | -0.34 | 0.57 |
| SPXU | -0.25 | -0.34 | -0.08 | -0.19 | 0.30 | 0.04 | -0.04 | -0.33 | -0.17 | 0.22 | -0.13 | -0.19 | -0.30 | -0.05 | -0.26 | 0.07 | -0.27 | 0.29 | -0.20 | 0.02 | 1.00 | nan | 0.29 | -0.20 | 0.18 | -0.18 | -0.28 | -0.31 | -0.09 | 0.15 | -0.09 | 0.21 | -0.07 | 0.32 |
| SPY | nan | nan | nan | nan | nan | nan | nan | 0.64 | nan | nan | nan | nan | nan | nan | 0.70 | nan | 0.42 | -0.27 | nan | nan | nan | 1.00 | -0.29 | nan | nan | nan | nan | 0.48 | nan | nan | nan | -0.26 | nan | nan |
| SQQQ | -0.04 | -0.16 | 0.07 | -0.05 | -0.00 | -0.05 | -0.16 | -0.21 | -0.07 | 0.32 | -0.19 | -0.09 | -0.12 | 0.04 | -0.25 | -0.03 | -0.13 | 0.30 | -0.33 | 0.60 | 0.29 | -0.29 | 1.00 | -0.10 | 0.20 | -0.11 | -0.35 | -0.22 | -0.07 | 0.06 | -0.26 | 0.28 | -0.16 | 0.23 |
| TECL | 0.35 | 0.47 | -0.08 | 0.28 | -0.21 | -0.11 | 0.01 | 0.40 | 0.56 | -0.26 | 0.17 | 0.12 | 0.38 | 0.04 | 0.44 | 0.37 | 0.62 | -0.17 | 0.38 | -0.39 | -0.20 | nan | -0.10 | 1.00 | -0.06 | -0.15 | 0.29 | 0.37 | 0.09 | -0.34 | 0.76 | -0.43 | 0.60 | -0.60 |
| TECS | -0.06 | -0.06 | 0.23 | -0.04 | 0.07 | -0.08 | -0.08 | 0.00 | -0.03 | 0.10 | -0.07 | -0.02 | -0.07 | -0.09 | -0.02 | -0.02 | -0.04 | 0.04 | -0.26 | 0.47 | 0.18 | nan | 0.20 | -0.06 | 1.00 | -0.17 | -0.37 | -0.06 | -0.03 | 0.13 | -0.22 | -0.06 | -0.03 | 0.09 |
| TLT | 0.03 | -0.09 | -0.25 | -0.17 | 0.03 | 0.25 | 0.32 | -0.11 | -0.18 | 0.02 | 0.02 | 0.07 | -0.04 | 0.14 | -0.07 | 0.06 | -0.15 | -0.07 | -0.01 | 0.18 | -0.18 | nan | -0.11 | -0.15 | -0.17 | 1.00 | -0.08 | -0.04 | 0.08 | 0.08 | 0.06 | 0.10 | -0.01 | 0.16 |
| TNA | 0.23 | 0.45 | -0.09 | 0.72 | -0.64 | 0.03 | -0.21 | 0.40 | 0.44 | -0.44 | 0.40 | 0.33 | 0.39 | -0.03 | 0.39 | 0.28 | 0.35 | -0.47 | 0.60 | -0.58 | -0.28 | nan | -0.35 | 0.29 | -0.37 | -0.08 | 1.00 | 0.43 | 0.19 | -0.42 | 0.28 | -0.47 | 0.15 | -0.52 |
| TQQQ | 0.63 | 0.69 | 0.02 | 0.27 | -0.27 | 0.18 | -0.03 | 0.46 | 0.39 | -0.27 | 0.46 | 0.31 | 0.71 | 0.10 | 0.56 | 0.21 | 0.62 | -0.25 | 0.43 | -0.30 | -0.31 | 0.48 | -0.22 | 0.37 | -0.06 | -0.04 | 0.43 | 1.00 | 0.28 | -0.30 | 0.49 | -0.23 | 0.49 | -0.26 |
| TSLA | 0.20 | 0.17 | 0.01 | 0.12 | -0.12 | 0.01 | -0.09 | 0.18 | 0.18 | -0.10 | 0.18 | 0.10 | 0.10 | 0.11 | 0.21 | -0.01 | 0.18 | -0.19 | 0.20 | -0.15 | -0.09 | nan | -0.07 | 0.09 | -0.03 | 0.08 | 0.19 | 0.28 | 1.00 | -0.22 | 0.15 | -0.10 | 0.08 | -0.09 |
| TZA | -0.22 | -0.33 | -0.08 | -0.45 | 0.31 | -0.05 | 0.22 | -0.45 | -0.44 | 0.06 | -0.34 | -0.30 | -0.23 | -0.02 | -0.33 | -0.40 | -0.46 | 0.06 | -0.25 | 0.34 | 0.15 | nan | 0.06 | -0.34 | 0.13 | 0.08 | -0.42 | -0.30 | -0.22 | 1.00 | -0.29 | 0.16 | -0.18 | 0.13 |
| UPRO | 0.50 | 0.48 | -0.32 | 0.45 | -0.40 | 0.24 | 0.14 | 0.47 | 0.64 | -0.33 | 0.38 | 0.36 | 0.51 | 0.21 | 0.57 | 0.42 | 0.67 | -0.06 | 0.45 | -0.43 | -0.09 | nan | -0.26 | 0.76 | -0.22 | 0.06 | 0.28 | 0.49 | 0.15 | -0.29 | 1.00 | -0.41 | 0.73 | -0.43 |
| UVXY | -0.20 | -0.39 | -0.05 | -0.31 | 0.23 | 0.19 | 0.10 | -0.28 | -0.45 | 0.40 | -0.12 | -0.05 | -0.19 | 0.18 | -0.23 | -0.15 | -0.14 | 0.17 | -0.43 | 0.66 | 0.21 | -0.26 | 0.28 | -0.43 | -0.06 | 0.10 | -0.47 | -0.23 | -0.10 | 0.16 | -0.41 | 1.00 | -0.34 | 0.82 |
| VTI | 0.44 | 0.61 | -0.07 | 0.29 | -0.35 | 0.02 | -0.02 | 0.52 | 0.46 | -0.24 | 0.19 | 0.26 | 0.55 | 0.03 | 0.55 | 0.30 | 0.48 | -0.18 | 0.50 | -0.34 | -0.07 | nan | -0.16 | 0.60 | -0.03 | -0.01 | 0.15 | 0.49 | 0.08 | -0.18 | 0.73 | -0.34 | 1.00 | -0.41 |
| VXX | -0.26 | -0.46 | 0.06 | -0.40 | 0.46 | 0.25 | 0.07 | -0.41 | -0.49 | 0.45 | -0.15 | -0.02 | -0.21 | 0.03 | -0.28 | -0.10 | -0.35 | 0.33 | -0.51 | 0.57 | 0.32 | nan | 0.23 | -0.60 | 0.09 | 0.16 | -0.52 | -0.26 | -0.09 | 0.13 | -0.43 | 0.82 | -0.41 | 1.00 |

## Lead-Lag Analysis

Does one asset class's GEX regime lead another?

| Lead Asset | Lag Asset | Optimal Lag | Max Correlation |
|------------|-----------|-------------|-----------------|
| UVXY       | SPY       | -1 days     | 0.456           |
| SPY        | IWM       | Same day    | 0.642           |

## Interpretation

### Equity vs Volatility

Volatility instruments spend more time in negative gamma (67.1% vs 18.1%).
This is expected - volatility products tend to have more extreme positioning.

### Diversification Potential

Low correlation pairs (potential diversification):

- QQQ vs TLT: -0.07
- QQQ vs IEF: -0.04
- QQQ vs GLD: 0.23
- QQQ vs SLV: 0.22
- IWM vs TLT: -0.11
- IWM vs IEF: -0.08
- IWM vs GLD: 0.12
- IWM vs SLV: 0.28
